image: April1.pgm
resolution: 0.050000
origin: [-1.755026, -4.243237, 0.000000]
negate: 0
occupied_thresh: 0.65
free_thresh: 0.196

