image: April3.pgm
resolution: 0.050000
origin: [-3.524474, -3.637571, 0.000000]
negate: 0
occupied_thresh: 0.65
free_thresh: 0.196

