image: April2.pgm
resolution: 0.050000
origin: [-2.506142, -4.047785, 0.000000]
negate: 0
occupied_thresh: 0.65
free_thresh: 0.196

