image: April_sim_map2.pgm
resolution: 0.050000
origin: [-4.753531, -3.748553, 0.000000]
negate: 0
occupied_thresh: 0.65
free_thresh: 0.196

