image: April_sim4.pgm
resolution: 0.050000
origin: [-3.524541, -5.496697, 0.000000]
negate: 0
occupied_thresh: 0.65
free_thresh: 0.196

