image: Aug_sim2.pgm
resolution: 0.050000
origin: [-3.183774, -6.741218, 0.000000]
negate: 0
occupied_thresh: 0.65
free_thresh: 0.196

