image: Aug_sim_4.pgm
resolution: 0.050000
origin: [-2.579154, -11.150000, 0.000000]
negate: 0
occupied_thresh: 0.65
free_thresh: 0.196

