image: simsim.pgm
resolution: 0.050000
origin: [-3.340347, -6.010631, 0.000000]
negate: 0
occupied_thresh: 0.65
free_thresh: 0.196

